5 0.09511217948717948 0.5578792735042735 0.13701923076923078 0.3313568376068376
5 0.2507211538461539 0.5933048433048433 0.18076923076923074 0.412962962962963
5 0.32516025641025637 0.6057870370370371 0.17916666666666659 0.42483974358974363
5 0.4174679487179487 0.6328970797720798 0.15913461538461535 0.41168091168091164
5 0.46875 0.6419248575498575 0.20785256410256417 0.4959757834757835
5 0.3784455128205128 0.4638621794871795 0.07916666666666668 0.1459579772079772
5 0.5552884615384616 0.691096866096866 0.14839743589743593 0.358368945868946
5 0.6346153846153846 0.7044960826210827 0.19230769230769232 0.37054843304843305
5 0.7717147435897436 0.6613782051282051 0.2608974358974358 0.5733440170940173
5 0.8834935897435897 0.6857905982905983 0.23301282051282066 0.5412393162393163
5 0.9478766025641026 0.5235665954415955 0.10424679487179489 0.2517450142450143