5 0.056490384615384616 0.6334134615384616 0.10336538461538461 0.3112980769230769
5 0.23076923076923078 0.6502403846153846 0.09254807692307693 0.39302884615384615
5 0.30528846153846156 0.6550480769230769 0.09014423076923077 0.40625
5 0.39903846153846156 0.6730769230769231 0.06971153846153846 0.39783653846153844
5 0.4519230769230769 0.6766826923076923 0.10216346153846154 0.47475961538461536
5 0.34615384615384615 0.5084134615384616 0.04807692307692308 0.13581730769230768
5 0.5420673076923077 0.7175480769230769 0.07211538461538461 0.3449519230769231
5 0.6213942307692307 0.7223557692307693 0.11538461538461539 0.34615384615384615
5 0.7536057692307693 0.6670673076923077 0.13942307692307693 0.5456730769230769
5 0.8786057692307693 0.7055288461538461 0.12139423076923077 0.5673076923076923
5 0.9278846153846154 0.5108173076923077 0.0733173076923077 0.23677884615384615