5 0.04348290598290598 0.6338319088319088 0.08696581196581196 0.3132656695156693
5 0.20186965811965812 0.6519497863247863 0.10886752136752137 0.3949074074074074
5 0.2761752136752137 0.657309472934473 0.10940170940170943 0.40692663817663816
5 0.3691239316239316 0.6760327635327635 0.0874465811965811 0.39955484330484314
5 0.4218482905982906 0.6800302706552706 0.1221153846153845 0.47670940170940174
5 0.32355769230769227 0.5109775641025641 0.05405982905982904 0.13497150997150997
5 0.5101762820512821 0.7215633903133903 0.08749999999999994 0.34668803418803407
5 0.5892895299145299 0.7269586894586895 0.13076923076923072 0.34700854700854716
5 0.7239583333333333 0.6726495726495726 0.16367521367521384 0.5467058404558405
5 0.8472489316239316 0.712037037037037 0.14540598290598275 0.5681980056980056
5 0.9051816239316239 0.5176905270655271 0.08258547008547022 0.236111111111111