5 0.08795405982905982 0.5487980769230769 0.07115384615384614 0.28269230769230774
5 0.1542200854700855 0.5545405982905982 0.0877136752136752 0.27104700854700864
5 0.1860576923076923 0.5802884615384615 0.06842948717948719 0.26821581196581196
5 0.2309027777777778 0.5961271367521367 0.07633547008547009 0.29962606837606853
5 0.2938301282051282 0.5598557692307693 0.10934829059829057 0.3796474358974359
5 0.4014423076923077 0.5863247863247862 0.0881944444444444 0.40080128205128207
5 0.4855235042735042 0.582051282051282 0.08974358974358984 0.3623931623931625
5 0.5549145299145299 0.6201923076923077 0.10021367521367516 0.40106837606837603
5 0.6944711538461538 0.6231036324786324 0.10048076923076912 0.4130876068376068
5 0.7845352564102565 0.5633814102564103 0.039423076923076866 0.26036324786324794
5 0.8310897435897436 0.6561431623931623 0.1270299145299145 0.41848290598290616
5 0.9431089743589745 0.6353899572649573 0.1137820512820511 0.5219551282051282