5 0.9109152421652422 0.5895299145299145 0.09104344729344732 0.2876068376068376
5 0.8447738603988604 0.5876602564102564 0.10779914529914528 0.2787393162393163
5 0.8100605413105413 0.6084401709401709 0.08853276353276349 0.2730769230769231
5 0.7620459401709401 0.6189903846153846 0.09597578347578334 0.3046474358974359
5 0.7064102564102565 0.5745726495726496 0.13502492877492883 0.3856837606837607
5 0.5959045584045584 0.5891025641025641 0.115954415954416 0.4064636752136751
5 0.514031339031339 0.5735042735042735 0.11326566951566946 0.3678952991452992
5 0.438497150997151 0.6021100427350426 0.12797364672364664 0.4069978632478633
5 0.30132656695156695 0.587767094017094 0.1304665242165242 0.41912393162393147
5 0.22265847578347578 0.5179220085470085 0.05721153846153849 0.2620726495726495
5 0.160772792022792 0.6036324786324787 0.15696225071225073 0.42751068376068374
5 0.06431623931623932 0.5670405982905983 0.12407407407407407 0.5293803418803419