5 0.07932692307692307 0.5721153846153846 0.05048076923076923 0.27884615384615385
5 0.14543269230769232 0.5769230769230769 0.06850961538461539 0.2668269230769231
5 0.1778846153846154 0.6009615384615384 0.04927884615384615 0.2644230769230769
5 0.22355769230769232 0.6153846153846154 0.054086538461538464 0.2956730769230769
5 0.2848557692307692 0.5769230769230769 0.08052884615384616 0.37259615384615385
5 0.39302884615384615 0.6009615384615384 0.057692307692307696 0.39663461538461536
5 0.47716346153846156 0.59375 0.0625 0.3581730769230769
5 0.5480769230769231 0.6298076923076923 0.07091346153846154 0.39663461538461536
5 0.6875 0.6286057692307693 0.07091346153846154 0.4074519230769231
5 0.7752403846153846 0.5661057692307693 0.020432692307692308 0.25841346153846156
5 0.8245192307692307 0.6574519230769231 0.09735576923076923 0.41225961538461536
5 0.9471153846153846 0.6346153846153846 0.09615384615384616 0.515625