1 0.7519230769230768 0.4774038461538461 0.19038461538461549 0.4591702279202278
1 0.5740117521367522 0.5335381054131054 0.18972578347578334 0.5695334757834758
1 0.4545138888888889 0.39634971509971517 0.17022792022792016 0.2810007122507123
1 0.4337250712250712 0.7179398148148148 0.2840455840455841 0.5641203703703703
1 0.2024928774928775 0.3214565527065527 0.14264601139601135 0.26098646723646723
1 0.04626958689458689 0.46306980056980057 0.09253917378917378 0.5607549857549857
1 0.9348112535612536 0.3576032763532764 0.10473646723646723 0.22866809116809114
4 0.8413372507122507 0.37048611111111107 0.10689102564102572 0.30551994301994295
4 0.8654380341880342 0.7116096866096867 0.21461894586894587 0.5767806267806267
4 0.6719284188034188 0.7098201566951567 0.18360042735042725 0.4661680911680913
4 0.290090811965812 0.6515491452991454 0.15842236467236462 0.44622507122507105
4 0.08094284188034188 0.6067129629629628 0.16188568376068377 0.46814458689458693
4 0.19630519943019945 0.5681000712250712 0.14570868945868948 0.4746438746438747
4 0.12142094017094017 0.2672809829059829 0.10728276353276354 0.2311431623931624
4 0.34516559829059834 0.3317040598290598 0.1568019943019942 0.2974002849002849
4 0.7149750712250712 0.24754273504273508 0.08206908831908831 0.12961182336182334
1 0.6938479344729345 0.38056445868945865 0.09341168091168092 0.19953703703703704
1 0.37796474358974363 0.18457977207977208 0.12646011396011403 0.1093304843304843