2 0.21615028490028487 0.4066061253561254 0.21864316239316245 0.46875
2 0.36861645299145296 0.5085915242165242 0.22184829059829062 0.5768340455840455
2 0.5266203703703703 0.41087962962962965 0.18538105413105407 0.2899750712250712
2 0.44153311965811964 0.7165242165242165 0.31850071225071225 0.5669515669515669
2 0.7917289886039887 0.4074519230769231 0.15781695156695172 0.2673611111111111
2 0.9073183760683761 0.5935719373219374 0.15644586894586882 0.5648148148148148
2 0.06839832621082621 0.2385594729344729 0.13679665242165243 0.2353988603988604
5 0.1649394586894587 0.2794693732193732 0.12400284900284902 0.30929487179487175
5 0.07856125356125357 0.6029647435897436 0.15712250712250714 0.5905448717948718
5 0.2192485754985755 0.6487713675213675 0.20927706552706551 0.47320156695156695
5 0.603258547008547 0.6979166666666666 0.184241452991453 0.4530804843304844
5 0.8216346153846155 0.7132300569800569 0.19738247863247857 0.4751602564102566
5 0.7204326923076925 0.6444533475783476 0.17599715099715113 0.47916666666666646
5 0.8859597578347578 0.3784277065527065 0.12026353276353283 0.23717948717948723
5 0.6512108262108262 0.37695868945868943 0.1742343304843306 0.30635683760683763
5 0.3233974358974359 0.19622507122507124 0.08858618233618233 0.13523860398860402
2 0.30319622507122507 0.33035078347578345 0.10422008547008546 0.20539529914529916
2 0.667352207977208 0.2282318376068376 0.13085826210826212 0.11761039886039885