2 0.2172275641025641 0.36722756410256413 0.24727564102564104 0.47836538461538464
2 0.36169871794871794 0.4616987179487179 0.2591346153846154 0.5844551282051282
2 0.5266826923076924 0.35616987179487175 0.20192307692307693 0.3006410256410256
2 0.4203525641025641 0.6767628205128204 0.3538461538461538 0.6051282051282052
2 0.791025641025641 0.33974358974358976 0.17403846153846148 0.2772435897435897
2 0.8891025641025642 0.5198717948717948 0.1814102564102565 0.5673076923076923
2 0.08068910256410255 0.2076121794871795 0.15256410256410258 0.24230769230769234
5 0.17403846153846156 0.24326923076923077 0.14310897435897435 0.3158653846153846
5 0.08189102564102566 0.5708333333333333 0.1637820512820513 0.5987179487179487
5 0.2034455128205128 0.6098557692307692 0.2403846153846154 0.4826923076923077
5 0.583173076923077 0.6395833333333333 0.21266025641025635 0.4616987179487181
5 0.8007211538461539 0.6430288461538461 0.22596153846153846 0.4817307692307692
5 0.7032051282051283 0.5801282051282052 0.2046474358974359 0.4850961538461539
5 0.887900641025641 0.3045673076923077 0.13573717948717956 0.24118589743589747
5 0.6537660256410257 0.31658653846153845 0.19086538461538455 0.31426282051282056
5 0.3380608974358974 0.15216346153846153 0.09791666666666671 0.1405448717948718
2 0.3087339743589744 0.2869391025641026 0.11682692307692313 0.20881410256410257
2 0.6793269230769231 0.16650641025641025 0.13766025641025637 0.1264423076923077