2 0.2247596153846154 0.43509615384615385 0.13341346153846154 0.44711538461538464
2 0.3942307692307692 0.5084134615384616 0.11658653846153846 0.5588942307692307
2 0.53125 0.38461538461538464 0.1346153846153846 0.26802884615384615
2 0.5096153846153846 0.7151442307692307 0.21153846153846154 0.5637019230769231
2 0.7908653846153846 0.33533653846153844 0.11057692307692307 0.25
2 0.9579326923076923 0.4951923076923077 0.08413461538461539 0.5528846153846154
2 0.04807692307692308 0.296875 0.09615384615384616 0.21875
5 0.1502403846153846 0.31971153846153844 0.0673076923076923 0.29927884615384615
5 0.08173076923076923 0.6598557692307693 0.140625 0.5709134615384616
5 0.27403846153846156 0.6730769230769231 0.12379807692307693 0.4543269230769231
5 0.6610576923076923 0.6538461538461539 0.10096153846153846 0.4375
5 0.8786057692307693 0.6298076923076923 0.11057692307692307 0.4567307692307692
5 0.765625 0.5805288461538461 0.08653846153846154 0.46634615384615385
5 0.8786057692307693 0.28966346153846156 0.078125 0.22355769230769232
5 0.6478365384615384 0.33052884615384615 0.11899038461538461 0.2860576923076923
5 0.29086538461538464 0.21033653846153846 0.06610576923076923 0.12379807692307693
2 0.2956730769230769 0.3449519230769231 0.0673076923076923 0.1935096153846154
2 0.6346153846153846 0.1814903846153846 0.11298076923076923 0.0985576923076923