1 0.7586538461538462 0.47163461538461543 0.18365384615384636 0.45795940170940175
1 0.581650641025641 0.5290598290598291 0.18135683760683763 0.5683760683760684
1 0.4601762820512821 0.392815170940171 0.16613247863247857 0.2798611111111111
1 0.444284188034188 0.7166399572649572 0.275534188034188 0.5667200854700856
1 0.20715811965811964 0.31981837606837604 0.1388354700854701 0.2600427350427351
1 0.047622863247863245 0.46268696581196583 0.09524572649572649 0.5599893162393162
1 0.9396901709401709 0.350534188034188 0.10138888888888896 0.22799145299145296
4 0.8464476495726495 0.3641025641025641 0.1024038461538462 0.304861111111111
4 0.8756410256410256 0.7085870726495727 0.20603632478632478 0.5828258547008546
4 0.6821314102564102 0.7045405982905983 0.17676282051282044 0.4650106837606838
4 0.29959935897435896 0.6491185897435897 0.1518696581196581 0.44524572649572636
4 0.08616452991452991 0.6058760683760683 0.16244658119658117 0.46709401709401716
4 0.2046207264957265 0.5663995726495726 0.13872863247863249 0.47377136752136756
4 0.12532051282051282 0.26626602564102564 0.10389957264957263 0.2304487179487179
4 0.3499198717948718 0.32900641025641025 0.15245726495726494 0.29636752136752137
4 0.7183226495726495 0.2421474358974359 0.08018162393162406 0.12905982905982907
1 0.6991720085470087 0.375267094017094 0.09049145299145286 0.19893162393162386
1 0.3805288461538462 0.18170405982905982 0.12489316239316231 0.10844017094017094