2 0.42149216524216526 0.7495815527065527 0.25083689458689457 0.30153133903133905
2 0.2205929487179487 0.822346866096866 0.3023326210826211 0.355306267806268
2 0.3527154558404559 0.46035434472934467 0.21451210826210818 0.33701923076923074
2 0.3111111111111111 0.22436787749287748 0.11588319088319086 0.17224002849002845
2 0.2295940170940171 0.22676282051282054 0.1291666666666667 0.15322293447293453
2 0.4048611111111111 0.22575676638176637 0.1164351851851852 0.14102564102564108
2 0.5119212962962962 0.2693732193732194 0.10665954415954418 0.09764957264957268
2 0.5242877492877493 0.41726317663817664 0.15170940170940164 0.2904558404558404
2 0.450062321937322 0.4413817663817664 0.19116809116809108 0.3078525641025641
2 0.260505698005698 0.4241631054131055 0.1884793447293447 0.30300925925925937
2 0.20321403133903135 0.36927528490028483 0.14659900284900282 0.24474715099715091
2 0.159107905982906 0.23292378917378917 0.06351495726495725 0.058582621082621106