2 0.35326745014245015 0.7313835470085471 0.22302350427350426 0.29170227920227904
2 0.14299323361823363 0.8114049145299146 0.2673967236467236 0.3668625356125354
2 0.32151887464387463 0.44105235042735036 0.1851317663817664 0.32959401709401703
2 0.3093839031339031 0.20570690883190884 0.09861111111111115 0.167289886039886
2 0.22767094017094017 0.20571581196581198 0.11515313390313392 0.14830840455840452
2 0.40306267806267815 0.20912571225071225 0.1029558404558404 0.13611111111111113
2 0.5057336182336182 0.25446937321937324 0.09750712250712248 0.09277065527065531
2 0.49873575498575495 0.40237713675213677 0.12439458689458696 0.285434472934473
2 0.4214921652421652 0.4251513532763533 0.16306980056980053 0.30042735042735036
2 0.23436609686609686 0.40268874643874647 0.16059472934472938 0.2955840455840455
2 0.18352029914529916 0.3469640313390313 0.12612179487179487 0.23979700854700864
2 0.15672186609686609 0.2091702279202279 0.05851139601139598 0.05614316239316239