1 0.35216346153846156 0.7295673076923077 0.20552884615384615 0.27884615384615385
1 0.13942307692307693 0.7956730769230769 0.24519230769230768 0.34975961538461536
1 0.3317307692307692 0.4375 0.16346153846153846 0.31850961538461536
1 0.328125 0.20072115384615385 0.0889423076923077 0.1622596153846154
1 0.24639423076923078 0.19591346153846154 0.10576923076923077 0.14182692307692307
1 0.421875 0.21033653846153846 0.09495192307692307 0.1310096153846154
1 0.5216346153846154 0.26322115384615385 0.09254807692307693 0.08653846153846154
1 0.5096153846153846 0.4098557692307692 0.10576923076923077 0.27884615384615385
1 0.43149038461538464 0.42788461538461536 0.14302884615384615 0.29086538461538464
1 0.24519230769230768 0.39302884615384615 0.14182692307692307 0.2860576923076923
1 0.1971153846153846 0.33413461538461536 0.109375 0.23317307692307693
1 0.17548076923076922 0.19471153846153846 0.054086538461538464 0.051682692307692304