1 0.28862179487179485 0.7012998575498576 0.24310897435897433 0.304861111111111
1 0.10785256410256411 0.7626246438746438 0.21570512820512822 0.3785968660968662
1 0.3081730769230769 0.40803062678062674 0.20705128205128204 0.3389245014245014
1 0.337099358974359 0.17176816239316237 0.11217948717948709 0.1735042735042735
1 0.25608974358974357 0.16518874643874645 0.1253205128205128 0.1550213675213675
1 0.42860576923076926 0.18259437321937322 0.11249999999999989 0.14237891737891742
1 0.5207532051282051 0.23770477207977206 0.10480769230769237 0.09886039886039882
1 0.48822115384615383 0.3843215811965812 0.14407051282051284 0.29253917378917377
1 0.40809294871794866 0.40045405982905985 0.18349358974358984 0.30895655270655265
1 0.22860576923076922 0.3618500712250713 0.18076923076923074 0.30402421652421663
1 0.18822115384615387 0.302857905982906 0.14102564102564108 0.2468660968660969
1 0.18557692307692308 0.16285612535612534 0.061378205128205125 0.05827991452991452