2 0.6478365384615384 0.7295673076923077 0.20552884615384615 0.27884615384615385
2 0.8605769230769231 0.7956730769230769 0.24519230769230768 0.34975961538461536
2 0.6682692307692307 0.4375 0.16346153846153846 0.31850961538461536
2 0.671875 0.20072115384615385 0.0889423076923077 0.1622596153846154
2 0.7536057692307693 0.19591346153846154 0.10576923076923077 0.14182692307692307
2 0.578125 0.21033653846153846 0.09495192307692307 0.1310096153846154
2 0.47836538461538464 0.26322115384615385 0.09254807692307693 0.08653846153846154
2 0.49038461538461536 0.4098557692307692 0.10576923076923077 0.27884615384615385
2 0.5685096153846154 0.42788461538461536 0.14302884615384615 0.29086538461538464
2 0.7548076923076923 0.39302884615384615 0.14182692307692307 0.2860576923076923
2 0.8028846153846154 0.33413461538461536 0.109375 0.23317307692307693
2 0.8245192307692307 0.19471153846153846 0.054086538461538464 0.051682692307692304