1 0.35326745014245015 0.7124999999999999 0.22302350427350426 0.30304487179487166
1 0.14299323361823363 0.8033653846153845 0.2673967236467236 0.38044871794871793
1 0.32151887464387463 0.42403846153846153 0.1851317663817664 0.3389423076923077
1 0.3093839031339031 0.18950320512820515 0.09861111111111115 0.17227564102564108
1 0.22767094017094017 0.19374999999999998 0.11515313390313392 0.15416666666666665
1 0.40306267806267815 0.18806089743589743 0.1029558404558404 0.14134615384615382
1 0.5057336182336182 0.22804487179487182 0.09750712250712248 0.0977564102564103
1 0.49873575498575495 0.3762019230769231 0.12439458689458696 0.29166666666666663
1 0.4214921652421652 0.40296474358974355 0.16306980056980053 0.3086538461538461
1 0.23436609686609686 0.390224358974359 0.16059472934472938 0.3036858974358974
1 0.18352029914529916 0.33717948717948715 0.12612179487179487 0.2461538461538461
1 0.15672186609686609 0.20088141025641024 0.05851139601139598 0.05913461538461537