5 0.27524038461538464 0.47716346153846156 0.13341346153846154 0.2800480769230769
5 0.13221153846153846 0.5288461538461539 0.1658653846153846 0.25
5 0.21634615384615385 0.7728365384615384 0.20793269230769232 0.27283653846153844
5 0.5997596153846154 0.7788461538461539 0.13581730769230768 0.171875
5 0.5841346153846154 0.578125 0.14423076923076922 0.22235576923076922
5 0.41466346153846156 0.4110576923076923 0.12259615384615384 0.2644230769230769
5 0.11057692307692307 0.31850961538461536 0.17067307692307693 0.19110576923076922
5 0.234375 0.14783653846153846 0.15504807692307693 0.27283653846153844
5 0.4735576923076923 0.3076923076923077 0.07451923076923077 0.25961538461538464
5 0.6754807692307693 0.3389423076923077 0.09254807692307693 0.28125
5 0.5060096153846154 0.12259615384615384 0.0829326923076923 0.23317307692307693
5 0.7716346153846154 0.2776442307692308 0.0985576923076923 0.2668269230769231
5 0.8100961538461539 0.49038461538461536 0.11778846153846154 0.2692307692307692
5 0.9074519230769231 0.5552884615384616 0.11298076923076923 0.29086538461538464