4 0.24829950142450144 0.5146634615384615 0.1713319088319088 0.3012820512820512
4 0.10671296296296297 0.5703525641025641 0.2012108262108262 0.27692307692307705
4 0.200267094017094 0.8129807692307692 0.24585113960113958 0.30624999999999997
4 0.5839120370370371 0.8108173076923075 0.1609152421652422 0.19278846153846166
4 0.5605413105413105 0.6102564102564103 0.17555199430199436 0.24407051282051276
4 0.3857638888888889 0.44543269230769234 0.1584401709401709 0.28365384615384615
4 0.08843928062678062 0.3597756410256411 0.17687856125356125 0.2168269230769232
4 0.19541488603988605 0.18549679487179485 0.19271723646723646 0.29791666666666666
4 0.44058938746438747 0.3417467948717948 0.10986467236467234 0.27083333333333337
4 0.6442307692307693 0.3685897435897436 0.13274572649572638 0.2963141025641025
4 0.46713853276353273 0.15536858974358972 0.11582977207977216 0.24727564102564104
4 0.7379896723646724 0.3048878205128205 0.13680555555555565 0.28221153846153846
4 0.7836360398860399 0.5177884615384616 0.15628561253561257 0.2883012820512821
4 0.8841346153846152 0.5799679487179488 0.1525997150997152 0.3096153846153846