5 0.3000267094017094 0.4971420940170941 0.17626424501424504 0.29565527065527064
5 0.16643518518518519 0.5652777777777778 0.20373931623931624 0.26964031339031347
5 0.287900641025641 0.7968304843304843 0.2507834757834758 0.2967592592592593
5 0.6683671652421653 0.757514245014245 0.16344373219373218 0.1873753561253563
5 0.6208244301994303 0.5597489316239316 0.1780804843304842 0.23803418803418808
5 0.42806267806267806 0.4146545584045584 0.16337250712250706 0.2786502849002849
5 0.1124465811965812 0.3591880341880342 0.19821937321937325 0.20950854700854704
5 0.20874287749287748 0.17492877492877493 0.19764957264957267 0.2911680911680912
5 0.46926638176638175 0.30458511396011395 0.11479700854700849 0.2683226495726495
5 0.6740918803418803 0.3111734330484331 0.13755341880341895 0.29027777777777786
5 0.47276531339031347 0.11893251424501425 0.11823361823361832 0.2378650284900285
5 0.7593571937321937 0.2389423076923077 0.13933404558404577 0.27829415954415954
5 0.8314369658119657 0.44596688034188037 0.15881410256410242 0.2833867521367522
5 0.9294515669515669 0.4985220797720797 0.14109686609686606 0.3025819088319089