4 0.2799145299145299 0.45236823361823364 0.1463319088319088 0.29220085470085466
4 0.13482905982905982 0.5078614672364672 0.17736823361823362 0.2652065527065528
4 0.21238425925925924 0.7509704415954416 0.21841168091168092 0.29166666666666674
4 0.5959401709401709 0.7474804131054131 0.14312678062678058 0.18388532763532778
4 0.5860309829059829 0.5460559116809117 0.15313390313390313 0.23733974358974363
4 0.4212962962962962 0.3838675213675214 0.13420584045584041 0.277065527065527
4 0.11884793447293446 0.2983796296296296 0.17934472934472934 0.20765669515669513
4 0.24621616809116809 0.13337784900284902 0.16550925925925924 0.26675569800569804
4 0.4830395299145299 0.2780003561253561 0.08607549857549848 0.26700498575498577
4 0.684045584045584 0.3045673076923077 0.10546652421652425 0.2897792022792023
4 0.5201388888888889 0.10616096866096866 0.09309116809116812 0.21232193732193733
4 0.7809740028490028 0.24110576923076923 0.11016737891737886 0.2756410256410256
4 0.8138087606837606 0.45319622507122503 0.12943376068376067 0.2815883190883191
4 0.9092681623931624 0.5160790598290598 0.12478632478632462 0.3029380341880342