5 0.2799145299145299 0.48922720797720803 0.1463319088319088 0.29433760683760685
5 0.13482905982905982 0.5253294159544161 0.17736823361823362 0.26780626780626776
5 0.21238425925925924 0.778534544159544 0.21841168091168092 0.29487179487179505
5 0.5959401709401709 0.8261663105413106 0.14312678062678058 0.1859864672364674
5 0.5860309829059829 0.6236200142450142 0.15313390313390313 0.23958333333333323
5 0.4212962962962962 0.43963675213675213 0.13420584045584041 0.27902421652421655
5 0.11884793447293446 0.31392450142450146 0.17934472934472934 0.2102920227920229
5 0.24621616809116809 0.156383547008547 0.16550925925925924 0.2885505698005698
5 0.4830395299145299 0.3421029202279202 0.08607549857549848 0.26825142450142453
5 0.684045584045584 0.3954326923076923 0.10546652421652425 0.2913105413105414
5 0.5201388888888889 0.16105769230769232 0.09309116809116812 0.24234330484330482
5 0.7809740028490028 0.3449519230769231 0.11016737891737886 0.2772435897435898
5 0.8138087606837606 0.5612090455840456 0.12943376068376067 0.28347578347578345
5 0.9092681623931624 0.6367521367521368 0.12478632478632462 0.30475427350427364